 1998 
 2181 
 2367 
 2454 
 2380 
 2885 
 3643 
 4001 
 4293 
 4414 
 3747 
 5037 
 6633 
 2868 
 2314 
 2175 
 2356 
 2287 
 2173 
 2394 
 2177 
 3125 
 2359 
 2044 
 2389 
 3213 
 2967 
 3359 
 3672 
 3462 
 3368 
 3893 
 4306 
 4118 
 3913 
 4107 
 4779 
 5580 
 6106 
 7006 
 6425 
 8554 
 12053 
 15205 
 22070 
 27388 
 27960 
 46254 
 42624 
 41023 
 50589 
 25110 
 2214 
 2321 
 2220 
 2542 
 2942 
 3810 
 3635 
 3546 
 3212 
 2899 
 2718 
 2544 
 2534 
 2371 
 3061 
 1912 
 2012 
 1780 
 1729 
 1902 
 1759 
 1845 
 1861 
 1942 
 1848 
 1748 
 1819 
 1935 
 1981 
 2170 
 2012 
 3660 
 2426 
 2341 
 2621 
 3141 
 3395 
 3395 
 3638 
 3825 
 3836 
 4534 
 5456 
 7759 
 8887 
 14427 
 34899 
 22996 
 24594 
 30276 
 20500 
 1923 
 1962 
 2152 
 2366 
 2595 
 2795 
 3254 
 3121 
 3466 
 3621 
 3658 
 3232 
 3164 
 3398 
 2605 
 2502 
 2562 
 2408 
 2428 
 2508 
 3066 
